#SampleID	CU	NAU	NCS
T20457	0.292	0.466	0.242
T21102	0.266	0.54	0.194
CUMCON01	0.452	0.464	0.084
T20433	0.366	0.388	0.246
T21110	0.262	0.59	0.148
T21063	0.212	0.444	0.344
T20907	0.42	0.48	0.1
T20427	0.24	0.562	0.198
T20469	0.388	0.534	0.078
T20410	0.25	0.46	0.29
T20349	0.224	0.49	0.286
T20915	0.402	0.506	0.092
NCSMCON12	0.178	0.488	0.334
T20536	0.378	0.444	0.178
T20367	0.288	0.556	0.156
T21406	0.286	0.374	0.34
T20494	0.294	0.4	0.306
T21509	0.534	0.376	0.09
T20789	0.496	0.396	0.108
T21128	0.336	0.542	0.122
T21230	0.308	0.564	0.128
T20204	0.298	0.552	0.15
NCSMCON16	0.252	0.482	0.266
T20697	0.588	0.33	0.082
T20329	0.514	0.412	0.074
T20896	0.258	0.542	0.2
T20971	0.246	0.498	0.256
T20768	0.342	0.48	0.178
T21256	0.29	0.612	0.098
T20603	0.454	0.436	0.11
T21258	0.172	0.674	0.154
T21324	0.348	0.52	0.132
T20547	0.548	0.388	0.064
T20294	0.322	0.526	0.152
T20812	0.434	0.444	0.122
T21438	0.29	0.414	0.296
T20447	0.258	0.49	0.252
T20264	0.304	0.444	0.252
T20057	0.404	0.47	0.126
T21111	0.228	0.63	0.142
T20700	0.298	0.394	0.308
T20215	0.348	0.482	0.17
T21265	0.284	0.598	0.118
T20777	0.472	0.406	0.122
T20744	0.392	0.446	0.162
T20202	0.27	0.658	0.072
T21107	0.414	0.48	0.106
T20300	0.276	0.57	0.154
T20602	0.318	0.56	0.122
T20887	0.416	0.41	0.174
T20343	0.416	0.418	0.166
T20654	0.452	0.42	0.128
T20426	0.31	0.434	0.256
T21071	0.252	0.522	0.226
T20772	0.604	0.356	0.04
T21145	0.31	0.578	0.112
T20860	0.48	0.432	0.088
T20745	0.522	0.368	0.11
T21282	0.406	0.492	0.102
T20695	0.366	0.438	0.196
T20823	0.332	0.516	0.152
T21052	0.18	0.516	0.304
T21143	0.432	0.49	0.078
T20376	0.342	0.55	0.108
T20783	0.41	0.424	0.166
T20599	0.578	0.356	0.066
T20213	0.26	0.54	0.2
T20974	0.38	0.53	0.09
T20473	0.312	0.45	0.238
T20256	0.362	0.52	0.118
T20385	0.32	0.512	0.168
T20559	0.352	0.562	0.086
T20732	0.568	0.31	0.122
T20366	0.426	0.48	0.094
T20961	0.438	0.456	0.106
T21316	0.198	0.636	0.166
NCSMCON14	0.186	0.422	0.392
T21465	0.386	0.502	0.112
T20317	0.352	0.552	0.096
T20807	0.598	0.294	0.108
T20631	0.408	0.468	0.124
T20843	0.422	0.472	0.106
T20593	0.484	0.364	0.152
T20656	0.346	0.482	0.172
T20967	0.302	0.436	0.262
T21298	0.19	0.6	0.21
T20090	0.292	0.54	0.168
T20933	0.344	0.508	0.148
T20851	0.43	0.444	0.126
NAUMCON07	0.324	0.472	0.204
T21094	0.25	0.516	0.234
T20625	0.452	0.402	0.146
T21372	0.402	0.474	0.124
T20205	0.424	0.496	0.08
T20537	0.294	0.56	0.146
T20809	0.594	0.294	0.112
NAUMCON10	0.566	0.35	0.084
T20990	0.56	0.35	0.09
T20803	0.458	0.362	0.18
T20271	0.21	0.632	0.158
T20578	0.346	0.488	0.166
T21108	0.334	0.608	0.058
T20626	0.398	0.476	0.126
T20557	0.262	0.564	0.174
T20522	0.46	0.4	0.14
T20822	0.594	0.34	0.066
T21180	0.226	0.618	0.156
T20306	0.364	0.508	0.128
T20749	0.61	0.308	0.082
T21157	0.392	0.488	0.12
T20667	0.364	0.474	0.162
T20325	0.274	0.53	0.196
T20734	0.6	0.308	0.092
T21190	0.524	0.384	0.092
T21317	0.326	0.492	0.182
T20570	0.268	0.506	0.226
T20303	0.324	0.5	0.176
T20282	0.376	0.552	0.072
T20555	0.548	0.36	0.092
T20802	0.598	0.322	0.08
T20890	0.266	0.55	0.184
T20539	0.416	0.464	0.12
T20571	0.446	0.474	0.08
T20064	0.286	0.492	0.222
T21252	0.292	0.602	0.106
T20634	0.59	0.354	0.056
T21469	0.4	0.39	0.21
T20647	0.284	0.508	0.208
T20322	0.346	0.56	0.094
T21467	0.456	0.46	0.084
T20524	0.488	0.41	0.102
T20360	0.536	0.334	0.13
T20332	0.246	0.454	0.3
T20568	0.202	0.62	0.178
T20906	0.276	0.586	0.138
T20606	0.444	0.422	0.134
T20391	0.416	0.442	0.142
T20323	0.26	0.464	0.276
T20849	0.6	0.344	0.056
T20269	0.306	0.45	0.244
T21327	0.492	0.386	0.122
T20549	0.578	0.342	0.08
T20577	0.456	0.452	0.092
T20309	0.574	0.38	0.046
T20454	0.198	0.5	0.302
T20591	0.556	0.404	0.04
T20242	0.374	0.528	0.098
T20796	0.548	0.362	0.09
NCSMCON17	0.52	0.39	0.09
T20444	0.382	0.466	0.152
T21178	0.422	0.438	0.14
T21086	0.28	0.486	0.234
T20395	0.24	0.666	0.094
T20569	0.51	0.336	0.154
T20756	0.422	0.434	0.144
T21219	0.35	0.474	0.176
T21118	0.532	0.41	0.058
T21069	0.248	0.526	0.226
NAUMCON06	0.28	0.52	0.2
T20308	0.494	0.39	0.116
T20983	0.526	0.39	0.084
T20793	0.626	0.28	0.094
T21416	0.274	0.39	0.336
T20688	0.484	0.408	0.108
T21044	0.268	0.494	0.238
T20527	0.518	0.374	0.108
T20248	0.32	0.544	0.136
T20726	0.414	0.47	0.116
T20531	0.45	0.426	0.124
T21386	0.308	0.56	0.132
T20358	0.244	0.61	0.146
T20717	0.474	0.428	0.098
T20296	0.28	0.516	0.204
T21174	0.436	0.486	0.078
T20968	0.37	0.508	0.122
T20550	0.172	0.402	0.426
T21590	0.47	0.458	0.072
T20821	0.374	0.536	0.09
T20579	0.346	0.48	0.174
T20397	0.268	0.62	0.112
T21275	0.388	0.424	0.188
T20415	0.254	0.47	0.276
T20515	0.212	0.6	0.188
T20712	0.44	0.416	0.144
T20060	0.338	0.528	0.134
T21122	0.468	0.428	0.104
T21109	0.274	0.58	0.146
T20406	0.328	0.468	0.204
T20643	0.456	0.48	0.064
T20508	0.364	0.498	0.138
T20762	0.47	0.404	0.126
T21318	0.234	0.618	0.148
T20505	0.334	0.524	0.142
T20290	0.368	0.536	0.096
T20228	0.254	0.48	0.266
T21163	0.268	0.456	0.276
T20203	0.33	0.478	0.192
T21423	0.248	0.522	0.23
T20292	0.262	0.568	0.17
T20594	0.434	0.456	0.11
T21182	0.29	0.564	0.146
T21119	0.402	0.476	0.122
T21172	0.188	0.586	0.226
T20884	0.412	0.388	0.2
T20573	0.506	0.374	0.12
T20224	0.224	0.554	0.222
T20222	0.33	0.53	0.14
T21367	0.248	0.542	0.21
T21307	0.384	0.452	0.164
T20986	0.236	0.59	0.174
T21490	0.258	0.46	0.282
T21048	0.424	0.432	0.144
T20791	0.536	0.392	0.072
T20841	0.518	0.396	0.086
T20888	0.448	0.446	0.106
T20340	0.242	0.56	0.198
T20598	0.424	0.418	0.158
T21013	0.296	0.534	0.17
T20676	0.576	0.342	0.082
T20824	0.428	0.418	0.154
T21193	0.358	0.562	0.08
T21010	0.23	0.47	0.3
T21369	0.398	0.516	0.086
T20219	0.424	0.454	0.122
T20830	0.306	0.578	0.116
T21205	0.398	0.544	0.058
T21153	0.376	0.488	0.136
T21191	0.46	0.39	0.15
T21168	0.238	0.622	0.14
T21149	0.424	0.478	0.098
T20691	0.306	0.506	0.188
CUMCON00	0.526	0.39	0.084
T20544	0.382	0.476	0.142
T20916	0.576	0.346	0.078
T20424	0.24	0.518	0.242
T20814	0.438	0.452	0.11
T20417	0.22	0.536	0.244
T20658	0.304	0.514	0.182
T20795	0.464	0.456	0.08
T21302	0.2	0.58	0.22
T20354	0.508	0.402	0.09
T21451	0.34	0.386	0.274
T21314	0.256	0.612	0.132
T20683	0.546	0.368	0.086
T21531	0.476	0.384	0.14
T20840	0.546	0.344	0.11
T21436	0.33	0.386	0.284
T21037	0.198	0.44	0.362
T20478	0.28	0.374	0.346
T21202	0.412	0.508	0.08
T21029	0.22	0.442	0.338
T20600	0.382	0.522	0.096
T20613	0.446	0.458	0.096
T20992	0.308	0.58	0.112
T20438	0.28	0.448	0.272
T20879	0.43	0.452	0.118
T20866	0.464	0.426	0.11
T20759	0.442	0.374	0.184
T20443	0.266	0.442	0.292
T20446	0.31	0.502	0.188
T20229	0.216	0.638	0.146
T20848	0.47	0.432	0.098
T20640	0.276	0.49	0.234
T20693	0.544	0.388	0.068
T20430	0.366	0.444	0.19
T20596	0.604	0.336	0.06
T20532	0.39	0.452	0.158
T20534	0.4	0.46	0.14
T20553	0.504	0.34	0.156
T20660	0.49	0.396	0.114
T21500	0.264	0.39	0.346
T20889	0.404	0.468	0.128
T21479	0.214	0.458	0.328
T20243	0.362	0.458	0.18
T20214	0.528	0.388	0.084
T20315	0.236	0.648	0.116
T20238	0.342	0.566	0.092
T20956	0.28	0.6	0.12
T20483	0.264	0.472	0.264
T21425	0.262	0.458	0.28
T20535	0.562	0.334	0.104
T20900	0.436	0.49	0.074
T20249	0.334	0.53	0.136
T20728	0.458	0.432	0.11
T20514	0.506	0.406	0.088
T20637	0.538	0.404	0.058
T21105	0.394	0.47	0.136
NCSMCON15	0.526	0.364	0.11
T20993	0.27	0.656	0.074
T20617	0.446	0.462	0.092
T20808	0.492	0.41	0.098
T20080	0.168	0.514	0.318
T20545	0.632	0.304	0.064
T20270	0.378	0.518	0.104
T20595	0.352	0.49	0.158
T20928	0.252	0.474	0.274
T20551	0.516	0.37	0.114
T20689	0.304	0.484	0.212
T20336	0.238	0.518	0.244
T20753	0.338	0.446	0.216
T20428	0.3	0.452	0.248
T20350	0.3	0.554	0.146
T20664	0.382	0.452	0.166
T20268	0.364	0.484	0.152
T20784	0.348	0.538	0.114
T20705	0.442	0.418	0.14
T21335	0.512	0.388	0.1
T21495	0.442	0.49	0.068
T20092	0.214	0.334	0.452
T21563	0.408	0.464	0.128
T20209	0.334	0.524	0.142
T20517	0.53	0.396	0.074
T21483	0.264	0.554	0.182
T21494	0.276	0.374	0.35
T21455	0.384	0.444	0.172
T21141	0.316	0.51	0.174
T20963	0.408	0.48	0.112
T20788	0.586	0.35	0.064
T21124	0.304	0.538	0.158
T21133	0.404	0.444	0.152
CUMCON02	0.544	0.398	0.058
T20353	0.384	0.504	0.112
T20909	0.49	0.43	0.08
T21140	0.268	0.552	0.18
T20273	0.53	0.442	0.028
NCSMCON13	0.232	0.51	0.258
CUMCON05	0.33	0.43	0.24
T21330	0.446	0.478	0.076
T21162	0.364	0.498	0.138
T20646	0.44	0.44	0.12
T21131	0.298	0.604	0.098
T20799	0.466	0.45	0.084
T20794	0.51	0.408	0.082
T20957	0.23	0.582	0.188
T21355	0.51	0.442	0.048
T20516	0.606	0.348	0.046
T20947	0.37	0.534	0.096
T21245	0.15	0.766	0.084
T20513	0.558	0.4	0.042
T21088	0.222	0.494	0.284
T20854	0.356	0.478	0.166
T21207	0.356	0.49	0.154
T20767	0.52	0.416	0.064
T20501	0.552	0.386	0.062
T21166	0.314	0.526	0.16
T21036	0.254	0.49	0.256
T20327	0.218	0.642	0.14
T20275	0.248	0.584	0.168
T20480	0.234	0.48	0.286
T20297	0.41	0.526	0.064
T20899	0.422	0.46	0.118
T20484	0.352	0.444	0.204
T21338	0.28	0.466	0.254
T20636	0.488	0.422	0.09
T20944	0.32	0.508	0.172
T20754	0.486	0.4	0.114
T20394	0.258	0.648	0.094
T20721	0.4	0.474	0.126
T21299	0.36	0.58	0.06
T20262	0.362	0.434	0.204
T20283	0.322	0.53	0.148
T20627	0.52	0.396	0.084
T20912	0.314	0.592	0.094
T21385	0.27	0.48	0.25
T20580	0.624	0.304	0.072
T20499	0.292	0.492	0.216
T20719	0.454	0.4	0.146
T20651	0.512	0.38	0.108
T21331	0.196	0.57	0.234
T20533	0.48	0.428	0.092
NAUMCON08	0.398	0.434	0.168
T20686	0.414	0.462	0.124
T21181	0.14	0.706	0.154
T21091	0.3	0.394	0.306
T21249	0.232	0.64	0.128
T20891	0.272	0.492	0.236
T21305	0.29	0.552	0.158
T20779	0.424	0.412	0.164
T21146	0.308	0.542	0.15
T20857	0.518	0.38	0.102
T21277	0.34	0.56	0.1
T20083	0.288	0.52	0.192
T20743	0.368	0.468	0.164
T21280	0.238	0.636	0.126
T20818	0.41	0.47	0.12
T21475	0.162	0.538	0.3
T21179	0.184	0.684	0.132
T20261	0.432	0.448	0.12
T20659	0.47	0.444	0.086
T20234	0.362	0.546	0.092
T20871	0.484	0.458	0.058
T20463	0.358	0.488	0.154
T20873	0.446	0.414	0.14
T20973	0.2	0.566	0.234
T20895	0.574	0.326	0.1
T20232	0.428	0.434	0.138
T21188	0.262	0.562	0.176
T21025	0.32	0.494	0.186
T20004	0.202	0.528	0.27
T20383	0.39	0.512	0.098
T21441	0.304	0.492	0.204
T20331	0.382	0.532	0.086
T20729	0.6	0.3	0.1
T20310	0.24	0.59	0.17
T21421	0.326	0.54	0.134
T20847	0.398	0.496	0.106
T20221	0.328	0.488	0.184
T20837	0.482	0.428	0.09
T20903	0.41	0.502	0.088
T21201	0.244	0.59	0.166
T21189	0.462	0.452	0.086
T20964	0.512	0.43	0.058
T21452	0.346	0.422	0.232
T20858	0.386	0.486	0.128
T20918	0.468	0.426	0.106
T21138	0.472	0.458	0.07
T20363	0.236	0.526	0.238
T21064	0.41	0.442	0.148
T20267	0.332	0.542	0.126
T20512	0.536	0.392	0.072
T20299	0.276	0.58	0.144
T20572	0.636	0.33	0.034
T21284	0.308	0.522	0.17
T21159	0.398	0.496	0.106
T21432	0.354	0.416	0.23
T20694	0.424	0.466	0.11
T21194	0.326	0.55	0.124
T21164	0.208	0.674	0.118
T20845	0.5	0.376	0.124
T21011	0.186	0.474	0.34
T20959	0.426	0.492	0.082
T20752	0.452	0.408	0.14
CUMCON04	0.522	0.372	0.106
T20648	0.432	0.45	0.118
T21594	0.464	0.472	0.064
T21357	0.31	0.538	0.152
T20984	0.338	0.568	0.094
T20095	0.22	0.568	0.212
T20246	0.176	0.62	0.204
T20692	0.334	0.542	0.124
T20098	0.26	0.43	0.31
T21289	0.298	0.542	0.16
T20787	0.358	0.508	0.134
T20733	0.512	0.452	0.036
T20235	0.336	0.508	0.156
T20655	0.382	0.46	0.158
T20352	0.57	0.34	0.09
T20485	0.282	0.374	0.344
T20690	0.45	0.452	0.098
T21568	0.51	0.41	0.08
T20940	0.26	0.634	0.106
T20949	0.26	0.492	0.248
T20699	0.494	0.314	0.192
T21043	0.272	0.456	0.272
T20277	0.204	0.602	0.194
T20920	0.332	0.582	0.086
T20977	0.356	0.546	0.098
T20355	0.33	0.564	0.106
T20966	0.386	0.458	0.156
T20574	0.494	0.374	0.132
T20638	0.372	0.496	0.132
T20319	0.22	0.598	0.182
T21320	0.316	0.548	0.136
T21325	0.292	0.582	0.126
T20255	0.382	0.486	0.132
T20439	0.278	0.562	0.16
T20504	0.446	0.46	0.094
T20930	0.284	0.522	0.194
T20074	0.384	0.432	0.184
T20263	0.226	0.576	0.198
T21134	0.322	0.588	0.09
T21585	0.698	0.276	0.026
T21480	0.226	0.516	0.258
T21449	0.374	0.444	0.182
T20792	0.34	0.55	0.11
T21170	0.226	0.652	0.122
T20240	0.394	0.528	0.078
T21227	0.294	0.56	0.146
T21083	0.276	0.458	0.266
T20639	0.392	0.502	0.106
T20293	0.33	0.536	0.134
NAUMCON11	0.532	0.374	0.094
CUMCON03	0.47	0.4	0.13
T20526	0.434	0.448	0.118
T20677	0.342	0.508	0.15
T21235	0.226	0.694	0.08
T21033	0.26	0.556	0.184
T20804	0.412	0.488	0.1
T20669	0.398	0.512	0.09
T20885	0.476	0.398	0.126
T21333	0.312	0.544	0.144
T20902	0.29	0.594	0.116
T21129	0.194	0.668	0.138
T21492	0.27	0.498	0.232
T20836	0.424	0.416	0.16
T21488	0.268	0.504	0.228
T20231	0.304	0.612	0.084
T20935	0.326	0.526	0.148
T21115	0.288	0.584	0.128
T20341	0.254	0.62	0.126
T20893	0.494	0.442	0.064
T21511	0.476	0.344	0.18
T20400	0.304	0.574	0.122
T20414	0.178	0.49	0.332
T20216	0.354	0.512	0.134
T20079	0.382	0.512	0.106
NAUMCON09	0.494	0.4	0.106
T21471	0.298	0.544	0.158
T20801	0.484	0.394	0.122
T20244	0.266	0.654	0.08
T20511	0.41	0.456	0.134
T21120	0.348	0.51	0.142
T21407	0.16	0.46	0.38
T20982	0.324	0.596	0.08
T21030	0.358	0.486	0.156
T20946	0.328	0.516	0.156
T20372	0.26	0.52	0.22
T20624	0.514	0.392	0.094
T21042	0.278	0.416	0.306
T20883	0.538	0.4	0.062
T21309	0.274	0.61	0.116
T20989	0.45	0.47	0.08
T20718	0.476	0.408	0.116
T20898	0.412	0.432	0.156
T20506	0.464	0.436	0.1
T20742	0.498	0.416	0.086
T20467	0.304	0.502	0.194
T20583	0.516	0.392	0.092
T21560	0.54	0.386	0.074
T21417	0.302	0.52	0.178
T20259	0.422	0.504	0.074
T21125	0.258	0.564	0.178
T20999	0.338	0.472	0.19
T20662	0.296	0.532	0.172
T20976	0.426	0.468	0.106
T20952	0.364	0.52	0.116
T21160	0.384	0.452	0.164
T21000	0.418	0.474	0.108
T20757	0.452	0.432	0.116
T21311	0.23	0.598	0.172
T21203	0.396	0.47	0.134
T20510	0.5	0.436	0.064
T20945	0.352	0.502	0.146
T20856	0.38	0.504	0.116
T20556	0.642	0.312	0.046
T21060	0.258	0.452	0.29
T21072	0.354	0.522	0.124
T20680	0.31	0.48	0.21
T20280	0.314	0.536	0.15
T21392	0.276	0.646	0.078
T20747	0.292	0.554	0.154
T20291	0.356	0.58	0.064
T21104	0.334	0.596	0.07
T20440	0.288	0.524	0.188
T20786	0.516	0.364	0.12
T20278	0.156	0.608	0.236
T20671	0.424	0.386	0.19
T20865	0.522	0.358	0.12
T20312	0.192	0.586	0.222
T21175	0.382	0.524	0.094
T20519	0.546	0.348	0.106
T20225	0.434	0.472	0.094
T21171	0.208	0.666	0.126
T20960	0.348	0.576	0.076
T20687	0.516	0.394	0.09
T21403	0.368	0.454	0.178
T21197	0.448	0.494	0.058
T21049	0.166	0.424	0.41
T20465	0.25	0.468	0.282
T20948	0.36	0.492	0.148
T20313	0.242	0.64	0.118
T21173	0.266	0.556	0.178
T21468	0.234	0.464	0.302
T20265	0.334	0.528	0.138
T20614	0.386	0.466	0.148
T21003	0.32	0.528	0.152
T20276	0.288	0.616	0.096
T20239	0.466	0.446	0.088
T21139	0.408	0.51	0.082
T20834	0.542	0.368	0.09
T21347	0.388	0.512	0.1
T20434	0.392	0.424	0.184
T21310	0.256	0.562	0.182
T20941	0.466	0.43	0.104
T21184	0.27	0.546	0.184
T21264	0.27	0.6	0.13
T20616	0.284	0.49	0.226
T20407	0.364	0.494	0.142
T20298	0.374	0.524	0.102
T20652	0.368	0.502	0.13
T20853	0.526	0.356	0.118
T20497	0.438	0.418	0.144
T21510	0.364	0.482	0.154
T20685	0.48	0.442	0.078
T20919	0.438	0.46	0.102
T21147	0.292	0.514	0.194
T20587	0.5	0.392	0.108
T20520	0.44	0.454	0.106
T20390	0.208	0.662	0.13
T21288	0.268	0.542	0.19
T21443	0.284	0.51	0.206
T20713	0.526	0.388	0.086
T20996	0.252	0.61	0.138
T21512	0.466	0.372	0.162
T21389	0.42	0.48	0.1
T20739	0.514	0.386	0.1
T21113	0.206	0.656	0.138
T21004	0.396	0.466	0.138
T20972	0.448	0.442	0.11
T20379	0.36	0.534	0.106
T20981	0.496	0.414	0.09
T20362	0.39	0.464	0.146
T20852	0.48	0.39	0.13
T20678	0.458	0.422	0.12
T21232	0.448	0.452	0.1
T20835	0.382	0.464	0.154
T20523	0.45	0.498	0.052
T20373	0.266	0.614	0.12
T20284	0.436	0.466	0.098
T20913	0.518	0.4	0.082
T21217	0.314	0.586	0.1
T20452	0.384	0.504	0.112
T20488	0.4	0.448	0.152
T21192	0.418	0.526	0.056
T21271	0.394	0.52	0.086
T20529	0.542	0.404	0.054
T20359	0.354	0.53	0.116
T20696	0.374	0.516	0.11
T20632	0.514	0.36	0.126
T21155	0.47	0.45	0.08
T21103	0.446	0.436	0.118
T21434	0.326	0.548	0.126
T20566	0.46	0.41	0.13
T21359	0.238	0.558	0.204
T20708	0.436	0.452	0.112
T20827	0.51	0.418	0.072
T20560	0.476	0.466	0.058
T20716	0.428	0.458	0.114
T20393	0.398	0.49	0.112
T21045	0.516	0.394	0.09
T21183	0.31	0.518	0.172
T21177	0.304	0.486	0.21
T20237	0.33	0.576	0.094
T20333	0.43	0.514	0.056
T21243	0.256	0.64	0.104
T20597	0.626	0.3	0.074
T21142	0.336	0.548	0.116
T20314	0.256	0.614	0.13
T20838	0.574	0.32	0.106
T20398	0.552	0.368	0.08
T21413	0.268	0.556	0.176
T20252	0.39	0.516	0.094
T20530	0.5	0.422	0.078
T20288	0.294	0.55	0.156
T21068	0.29	0.394	0.316
T20735	0.552	0.332	0.116
T20481	0.56	0.358	0.082
T20997	0.258	0.592	0.15
T21212	0.232	0.618	0.15
T21306	0.328	0.586	0.086
T21408	0.282	0.552	0.166
T21137	0.378	0.532	0.09
T20084	0.362	0.51	0.128
T20487	0.512	0.442	0.046
T21121	0.248	0.574	0.178
T20543	0.578	0.38	0.042
T21196	0.33	0.54	0.13
T20926	0.45	0.43	0.12
T21433	0.21	0.51	0.28
T20581	0.43	0.472	0.098
T21116	0.342	0.568	0.09
T20923	0.35	0.566	0.084
T20305	0.438	0.442	0.12
T20326	0.27	0.608	0.122
T20738	0.408	0.518	0.074
T21267	0.226	0.58	0.194
T20254	0.366	0.478	0.156
T20621	0.316	0.45	0.234
T20528	0.548	0.38	0.072
T20771	0.57	0.366	0.064
T20929	0.348	0.516	0.136
T21397	0.332	0.534	0.134
T20641	0.382	0.514	0.104
T20825	0.5	0.448	0.052
T20217	0.422	0.434	0.144
T21396	0.318	0.55	0.132
T20201	0.438	0.482	0.08
T20910	0.316	0.556	0.128
T20289	0.396	0.47	0.134
T20302	0.146	0.606	0.248
T20563	0.404	0.42	0.176
T20449	0.242	0.574	0.184
T20507	0.482	0.456	0.062
T21250	0.206	0.646	0.148
T20798	0.458	0.404	0.138
T20630	0.562	0.392	0.046
T20761	0.338	0.504	0.158
T20552	0.436	0.478	0.086
T20924	0.474	0.446	0.08
T21020	0.248	0.54	0.212
T20206	0.526	0.416	0.058
T20389	0.338	0.53	0.132
T21028	0.29	0.44	0.27
T20208	0.332	0.5	0.168
T20285	0.38	0.536	0.084
T20905	0.292	0.656	0.052
T20707	0.494	0.412	0.094
T21112	0.518	0.412	0.07
T21287	0.316	0.596	0.088
T21508	0.52	0.408	0.072
T20477	0.248	0.546	0.206
T20316	0.238	0.534	0.228
T20892	0.436	0.438	0.126
T21132	0.37	0.434	0.196
T20442	0.388	0.458	0.154
T20295	0.36	0.54	0.1
T20869	0.438	0.448	0.114
T20975	0.578	0.384	0.038
T20318	0.496	0.412	0.092
T20611	0.49	0.438	0.072
T20540	0.558	0.402	0.04
T20370	0.314	0.504	0.182
T20207	0.228	0.696	0.076
T21527	0.622	0.326	0.052
T21482	0.436	0.436	0.128
T20939	0.4	0.45	0.15
T20815	0.402	0.456	0.142
T21453	0.332	0.504	0.164
T20816	0.578	0.37	0.052
T21420	0.356	0.49	0.154
T20279	0.36	0.55	0.09
T20774	0.608	0.34	0.052
T20831	0.46	0.456	0.084
T21151	0.458	0.428	0.114
T20286	0.37	0.53	0.1
T21081	0.262	0.44	0.298
T20490	0.548	0.338	0.114
T20970	0.416	0.5	0.084
T20979	0.258	0.624	0.118
T20862	0.5	0.444	0.056
T21054	0.25	0.4	0.35
T20364	0.346	0.516	0.138
T20069	0.202	0.636	0.162
T21457	0.358	0.362	0.28
T20740	0.456	0.468	0.076
T20628	0.434	0.462	0.104
T21167	0.326	0.548	0.126
T21156	0.374	0.498	0.128
T20846	0.46	0.462	0.078
T20644	0.538	0.386	0.076
T21200	0.44	0.418	0.142
T21195	0.28	0.636	0.084
T20194	0.404	0.52	0.076
T20502	0.414	0.506	0.08
T20589	0.498	0.388	0.114
T20525	0.45	0.426	0.124
T20746	0.53	0.422	0.048
T20558	0.474	0.364	0.162
T20223	0.244	0.564	0.192
T21019	0.224	0.348	0.428
T21216	0.298	0.584	0.118
T20765b	0.264	0.572	0.164
T21236	0.344	0.542	0.114
T21599	0.516	0.368	0.116
T20588b	0.384	0.504	0.112
T20829	0.55	0.41	0.04
T21272	0.278	0.542	0.18
T20998	0.336	0.536	0.128
T21066	0.382	0.482	0.136
T20245	0.464	0.452	0.084
T20608	0.402	0.484	0.114
T20769	0.496	0.44	0.064
T20684	0.47	0.442	0.088
T21402	0.268	0.62	0.112
T21215	0.4	0.484	0.116
T20922	0.338	0.502	0.16
T20619	0.392	0.528	0.08
T21007	0.266	0.49	0.244
T20565	0.352	0.564	0.084
T21308	0.27	0.552	0.178
T20468	0.198	0.468	0.334
T21354	0.412	0.48	0.108
T20764	0.486	0.44	0.074
T20878	0.354	0.468	0.178
T20087	0.358	0.522	0.12
T20509	0.568	0.366	0.066
T20882	0.364	0.516	0.12
T20649	0.376	0.484	0.14
T21462	0.236	0.42	0.344
T21366	0.314	0.478	0.208
T20066	0.248	0.6	0.152
T20212	0.356	0.538	0.106
T20714	0.332	0.568	0.1
T21484	0.244	0.368	0.388
T20396	0.388	0.538	0.074
T20474	0.32	0.562	0.118
T21448	0.208	0.576	0.216
T20386	0.368	0.556	0.076
T21154	0.402	0.538	0.06
T20592	0.552	0.37	0.078
T20702	0.6	0.338	0.062
T20864	0.434	0.446	0.12
T20554	0.434	0.51	0.056
T20785	0.406	0.444	0.15
T20936	0.334	0.562	0.104
T21038	0.238	0.484	0.278
T20820	0.498	0.432	0.07
T20612	0.39	0.38	0.23
T21296	0.226	0.644	0.13
T20661	0.448	0.458	0.094
T20623	0.462	0.426	0.112
T20233	0.402	0.512	0.086
T20365	0.256	0.66	0.084
T21148	0.236	0.58	0.184
T20258	0.364	0.542	0.094
T20339	0.426	0.456	0.118
T21472	0.636	0.264	0.1
T20978	0.384	0.44	0.176
T20859	0.358	0.508	0.134
T20839	0.42	0.426	0.154
T21565	0.564	0.376	0.06
T20272	0.492	0.432	0.076
T20917	0.244	0.558	0.198
T20942	0.27	0.616	0.114
T20806	0.412	0.486	0.102
T20904	0.45	0.472	0.078
T20710	0.406	0.486	0.108
T21127	0.31	0.534	0.156
T20937	0.37	0.482	0.148
T20211	0.182	0.634	0.184
T20458	0.258	0.562	0.18
T20304	0.226	0.61	0.164
T20361	0.326	0.576	0.098
T20725	0.516	0.442	0.042
T21185	0.228	0.636	0.136
T20778	0.448	0.502	0.05
T20842	0.406	0.486	0.108
T20470	0.478	0.408	0.114
T21273	0.412	0.512	0.076
T20347	0.224	0.658	0.118
T21093	0.416	0.406	0.178
T20828	0.358	0.442	0.2
T20546	0.508	0.434	0.058
T20770	0.544	0.386	0.07
T20969	0.37	0.508	0.122
T20931	0.428	0.512	0.06
T20819	0.48	0.472	0.048
T20335	0.358	0.562	0.08
T21187	0.37	0.508	0.122
T21486	0.396	0.378	0.226
T21055	0.312	0.516	0.172
T20423	0.364	0.456	0.18
T20965	0.416	0.518	0.066
T21023	0.398	0.502	0.1
T20701	0.35	0.556	0.094
T20755	0.392	0.46	0.148
T21199	0.466	0.48	0.054
T20674	0.458	0.478	0.064
T21241	0.294	0.646	0.06
T21430	0.238	0.542	0.22
T21418	0.336	0.404	0.26
T21498	0.202	0.474	0.324
T20220	0.296	0.59	0.114
T20401	0.342	0.506	0.152
T20257	0.33	0.552	0.118
T20715	0.492	0.458	0.05
T20881	0.486	0.406	0.108
T20800	0.452	0.418	0.13
T20605	0.492	0.448	0.06
T20951	0.418	0.524	0.058
T20471	0.462	0.398	0.14
T20266	0.214	0.722	0.064
T20575	0.348	0.514	0.138
T20670	0.52	0.438	0.042
T21574	0.364	0.57	0.066
T20420	0.42	0.456	0.124
T20681	0.574	0.342	0.084
T20062	0.396	0.384	0.22
T20653	0.508	0.372	0.12
T20371	0.578	0.372	0.05
T20817	0.498	0.362	0.14
T20991	0.394	0.51	0.096
T20805	0.476	0.436	0.088
T20782	0.458	0.32	0.222
T21106	0.534	0.396	0.07
T21300	0.262	0.664	0.074
T21169	0.312	0.48	0.208
T20938	0.442	0.498	0.06
T21312	0.258	0.63	0.112
T20346	0.276	0.636	0.088
